memory_initialization_radix=16;
memory_initialization_vector=
0200006f,
00000013,
00000013,
00000013,
00000013,
0000006f,
00000013,
00000013,
00000113,
40000193,
00000213,
800002b7,
20028293,
000280e7,
00110113,
fe314ce3,
00000393,
40000413,
00000893,
80000737,
21070713,
800007b7,
22078793,
00138393,
0013f313,
00030663,
00070293,
0080006f,
00078293,
000280e7,
fe83c2e3,
00000913,
00000a13,
40000a93,
800009b7,
23098993,
001a0a13,
001a7313,
00030663,
000980e7,
0080006f,
000980e7,
ff5a44e3,
02321a63,
00001b37,
400b0b13,
03689463,
03591263,
801004b7,
4a4c5bb7,
001b8b93,
0044a023,
0114a223,
0124a423,
0174a623,
f39ff06f,
801004b7,
bad00bb7,
001b8b93,
0044a023,
0114a223,
0124a423,
0174a623,
f19ff06f,
00000013,
00000013,
00000013,
00000013,
00000013,
00000013,
00000013,
00000013,
00000013,
00000013,
00000013,
00000013,
00000013,
00000013,
00000013,
00000013,
00000013,
00000013,
00000013,
00000013,
00000013,
00000013,
00000013,
00000013,
00000013,
00000013,
00000013,
00000013,
00000013,
00000013,
00000013,
00000013,
00000013,
00000013,
00000013,
00000013,
00000013,
00000013,
00000013,
00000013,
00000013,
00000013,
00000013,
00000013,
00000013,
00000013,
00000013,
00000013,
00000013,
00000013,
00000013,
00000013,
00000013,
00000013,
00000013,
00000013,
00000013,
00000013,
00000013,
00000013,
00000013,
00000013,
00000013,
00000013,
00120213,
00008067,
00000013,
00000013,
00388893,
00008067,
00000013,
00000013,
00788893,
00008067,
00000013,
00000013,
00190913,
00008067;
